osu file format v14

[General]
AudioFilename: audio.mp3
AudioLeadIn: 0
PreviewTime: 67152
Countdown: 0
SampleSet: Drum
StackLeniency: 0.4
Mode: 0
LetterboxInBreaks: 0
WidescreenStoryboard: 1

[Editor]
Bookmarks: 16864,21436,30581,39724,47724,48867,58009,59152,63152,64579,64867,66007,67150,76293,80865,87722,88293,88865
DistanceSpacing: 1
BeatDivisor: 4
GridSize: 4
TimelineZoom: 1.7

[Metadata]
Title:Why Worry (Cut Ver.)
TitleUnicode:Why Worry (Cut Ver.)
Artist:Set It Off
ArtistUnicode:Set It Off
Creator:paperoni17
Version:KoldNoodl's Normal
Source:
Tags:short cut ver version english rock alternative pop punk male vocals church cult anfeargorm
BeatmapID:0
BeatmapSetID:1456778

[Difficulty]
HPDrainRate:2
CircleSize:3.5
OverallDifficulty:2
ApproachRate:6
SliderMultiplier:1
SliderTickRate:1

[Events]
//Background and Video events
0,0,"bg.jpg",0,0
//Break Periods
//Storyboard Layer 0 (Background)
//Storyboard Layer 1 (Fail)
//Storyboard Layer 2 (Pass)
//Storyboard Layer 3 (Foreground)
//Storyboard Layer 4 (Overlay)
//Storyboard Sound Samples

[TimingPoints]
15723,285.714285714286,4,3,1,70,1,0
16865,-111.111111111111,4,3,1,80,0,0
21437,-100,4,3,1,70,0,0
67151,-95.2380952380952,4,3,1,70,0,1
80580,-95.2380952380952,4,3,1,80,0,1
80866,-95.2380952380952,4,3,1,80,0,1
87723,-95.2380952380952,4,3,1,80,0,0
88865,-125,4,3,1,80,0,0


[Colours]
Combo1 : 236,236,0
Combo2 : 0,240,0
Combo3 : 242,79,0
Combo4 : 0,193,97
SliderBorder : 0,225,225

[HitObjects]
37,59,16865,6,0,P|80:50|123:62,1,89.9999972534181
188,135,17437,2,0,P|231:144|274:132,1,89.9999972534181
365,160,18008,2,0,B|347:190|347:190|356:244,1,89.9999972534181
364,288,18437,1,0,0:0:0:0:
311,360,18723,1,0,0:0:0:0:
311,360,18865,2,0,P|289:353|267:348,1,44.999998626709
236,313,19151,6,0,P|193:324|148:331,1,89.9999972534181
64,299,19723,2,0,B|48:267|48:267|60:214,1,89.9999972534181
43,125,20294,2,0,P|80:148|125:152,1,89.9999972534181
166,134,20722,1,0,0:0:0:0:
218,60,21008,1,0,0:0:0:0:
216,60,21151,2,0,P|239:63|261:67,1,44.999998626709
311,65,21437,6,0,P|337:106|330:155,1,100
242,204,22008,2,0,P|218:199|193:194,1,50
155,162,22294,1,0,0:0:0:0:
68,206,22580,2,0,P|53:252|67:300,1,100
101,336,23008,1,0,0:0:0:0:
186,283,23294,1,0,0:0:0:0:
186,282,23437,2,0,P|210:276|234:273,1,50
284,280,23723,5,0,0:0:0:0:
357,346,24008,2,0,P|359:322|363:297,1,50
392,254,24294,2,0,P|384:205|374:156,1,100
386,57,24865,2,0,P|349:88|299:90,1,100
251,78,25294,1,0,0:0:0:0:
160,120,25580,1,0,0:0:0:0:
160,120,25723,1,0,0:0:0:0:
74,68,26008,6,0,P|57:123|76:177,1,100
62,263,26580,2,0,P|107:244|156:252,1,100
225,315,27151,2,0,L|323:297,1,100
416,334,27723,1,0,0:0:0:0:
477,255,28009,1,0,0:0:0:0:
429,166,28295,5,0,0:0:0:0:
429,166,28580,2,0,P|405:173|380:178,1,50
331,170,28865,2,0,P|307:213|317:261,1,100
383,336,29437,2,0,P|333:341|284:351,1,100
240,328,29865,2,0,P|215:325|190:322,1,50
140,315,30151,1,0,0:0:0:0:
58,188,30580,6,0,P|95:156|145:151,1,100
236,191,31151,2,0,L|334:173,1,100
399,97,31723,2,0,P|435:129|439:178,1,100
425,226,32151,1,0,0:0:0:0:
353,295,32437,2,0,P|329:287|304:282,1,50
234,211,32865,6,0,P|185:221|135:228,1,100
43,268,33437,2,0,P|27:314|47:358,1,100
138,317,34008,2,0,L|286:339,1,150
410,354,34794,1,0,0:0:0:0:
499,267,35151,6,0,P|492:217|482:168,1,100
486,68,35723,2,0,P|448:99|399:107,1,100
313,46,36294,2,0,L|214:62,1,100
165,72,36723,1,0,0:0:0:0:
87,134,37008,2,0,P|93:158|99:182,1,50
76,280,37437,6,0,P|125:280|167:255,1,100
238,326,38008,2,0,L|336:309,1,100
415,371,38580,2,0,B|439:341|439:341|433:279,1,100
404,237,39009,2,0,P|410:188|419:139,1,100
449,98,39437,1,0,0:0:0:0:
372,33,39722,6,0,L|273:15,1,100
184,60,40294,2,0,L|85:77,1,100
24,157,40865,2,0,P|5:202|22:247,1,100
60,280,41294,2,0,P|108:265|157:256,1,100
205,274,41722,1,0,0:0:0:0:
295,314,42008,6,0,P|303:266|285:220,1,100
205,159,42579,2,0,L|216:59,1,100
297,0,43151,2,0,P|346:-2|385:25,1,100
412,68,43579,2,0,L|423:167,1,100
425,217,44008,1,0,0:0:0:0:
329,174,44294,2,0,B|245:159|245:159|210:183|210:183|138:170,1,200
67,100,45151,1,0,0:0:0:0:
66,99,45436,6,0,P|39:140|37:189,1,100
66,230,45865,1,0,0:0:0:0:
65,230,46008,2,0,P|90:223|114:219,1,50
164,227,46294,1,0,0:0:0:0:
233,298,46579,6,0,L|331:280,1,100
422,319,47151,2,0,P|429:271|410:225,1,100
324,173,47722,2,0,P|330:123|338:74,1,100
372,37,48151,1,0,0:0:0:0:
271,35,48436,1,0,0:0:0:0:
270,35,48579,2,0,P|246:29|222:22,1,50
178,46,48865,6,0,P|155:90|164:138,1,100
231,213,49436,2,0,P|181:218|131:226,1,100
59,296,50008,2,0,P|109:301|159:309,1,100
205,327,50436,1,0,0:0:0:0:
300,357,50722,1,0,0:0:0:0:
300,357,50865,2,0,P|324:350|348:345,1,50
396,360,51151,6,0,B|375:330|375:330|388:268,1,100
450,188,51722,2,0,L|437:88,1,100
342,121,52294,2,0,P|310:121|242:121,1,100
203,152,52722,2,0,P|180:196|191:243,1,100
218,286,53151,1,0,0:0:0:0:
154,354,53436,6,0,L|55:336,1,100
20,300,53865,1,0,0:0:0:0:
20,300,54008,2,0,B|8:227|8:227|22:205,1,100
28,105,54579,2,0,P|70:131|119:137,1,100
157,105,55008,2,0,L|255:120,1,100
305,132,55436,1,0,0:0:0:0:
388,77,55722,6,0,P|412:119|406:168,1,100
445,260,56294,2,0,L|346:279,1,100
269,343,56865,2,0,P|245:301|251:252,1,100
279,210,57294,2,0,P|229:208|179:200,1,100
131,187,57722,1,0,0:0:0:0:
54,121,58008,6,0,P|104:112|153:101,1,100
223,31,58579,2,0,P|273:39|322:50,1,100
410,97,59151,6,0,P|438:136|435:185,1,100
403,225,59579,2,0,P|414:273|422:323,1,100
422,356,60008,1,0,0:0:0:0:
328,319,60294,6,0,L|229:336,1,100
148,277,60865,2,0,L|49:294,1,100
68,195,61436,2,0,P|43:153|57:106,1,100
83,63,61865,2,0,P|132:70|182:75,1,100
232,81,62294,1,0,0:0:0:0:
347,28,62579,1,0,0:0:0:0:
347,28,64579,5,0,0:0:0:0:
456,101,64865,1,0,0:0:0:0:
456,101,66008,5,0,0:0:0:0:
428,142,66151,2,0,P|431:154|434:166,2,25
467,204,66436,1,0,0:0:0:0:
451,251,66579,2,0,P|426:254|401:259,1,50
364,293,66865,2,0,P|339:289|314:284,1,50
274,248,67151,6,0,P|257:200|267:149,1,104.999996795654
352,86,67722,2,0,P|326:81|300:76,1,52.4999983978272
263,38,68008,2,0,P|213:51|161:60,1,104.999996795654
70,112,68579,1,0,0:0:0:0:
120,202,68865,2,0,P|116:229|113:255,1,52.4999983978272
105,307,69151,1,0,0:0:0:0:
180,378,69436,6,0,P|205:371|231:366,1,52.4999983978272
269,330,69722,2,0,P|320:340|372:345,1,104.999996795654
461,288,70294,2,0,P|483:242|474:191,1,104.999996795654
447,145,70722,1,0,0:0:0:0:
447,145,70865,2,0,P|421:140|395:136,1,52.4999983978272
343,127,71151,1,0,0:0:0:0:
258,65,71436,1,0,0:0:0:0:
161,109,71722,6,0,P|141:156|154:206,1,104.999996795654
152,311,72294,2,0,P|178:303|203:297,1,52.4999983978272
250,271,72579,2,0,P|301:279|353:285,1,104.999996795654
443,340,73151,6,0,P|446:314|452:289,1,52.4999983978272
482,245,73436,2,0,P|472:194|456:144,1,104.999996795654
424,102,73865,1,0,0:0:0:0:
424,102,74008,2,0,P|399:93|373:87,1,52.4999983978272
331,119,74294,2,0,P|279:128|227:138,1,104.999996795654
150,66,74865,6,0,P|116:104|116:155,1,104.999996795654
149,197,75294,1,0,0:0:0:0:
149,197,75436,2,0,P|145:222|141:248,1,52.4999983978272
119,297,75722,2,0,P|145:291|171:287,1,52.4999983978272
217,263,76008,2,0,P|243:268|269:272,1,52.4999983978272
318,251,76294,6,0,B|338:219|338:219|329:152,1,104.999996795654
394,70,76865,2,0,P|369:65|343:59,1,52.4999983978272
294,81,77151,2,0,P|243:89|192:100,1,104.999996795654
104,39,77722,2,0,P|112:65|118:90,1,52.4999983978272
106,141,78008,1,0,0:0:0:0:
64,235,78294,1,0,0:0:0:0:
128,318,78579,6,0,P|178:305|230:295,1,104.999996795654
314,224,79151,2,0,P|310:251|308:277,1,52.4999983978272
348,312,79436,2,0,P|399:309|439:276,1,104.999996795654
477,243,79865,1,0,0:0:0:0:
477,243,80008,2,0,P|465:191|453:140,1,104.999996795654
371,74,80579,1,0,0:0:0:0:
279,125,80865,6,0,P|227:113|176:104,1,104.999996795654
90,167,81436,2,0,P|64:210|76:260,1,104.999996795654
151,330,82008,2,0,P|156:278|164:226,1,104.999996795654
165,227,82579,1,0,0:0:0:0:
251,178,82865,1,0,0:0:0:0:
322,235,83151,6,0,P|372:221|423:211,1,104.999996795654
490,137,83722,2,0,P|439:127|388:114,1,104.999996795654
324,35,84294,2,0,P|289:74|285:126,1,104.999996795654
285,126,84865,1,0,0:0:0:0:
210,184,85151,1,0,0:0:0:0:
143,119,85436,6,0,L|39:100,1,104.999996795654
10,189,86008,2,0,L|113:207,1,104.999996795654
178,285,86579,2,0,P|209:244|211:192,1,104.999996795654
211,193,87151,1,0,0:0:0:0:
306,119,87436,1,0,0:0:0:0:
406,215,87722,5,0,0:0:0:0:
391,247,88294,5,0,0:0:0:0:
376,279,88865,5,0,0:0:0:0:
